p = ['M', 
                   'MAPKK', 
                   'M_MAPKK', 
                   'Mp', 
                   'Mp_MAPKK', 
                   'Mpp', 
                   'MKP', 
                   'Mpp_MKP', 
                   'Mp_MKP']) 

t = ['M_MAPKK_assoc', 
                        'M_MAPKK_deassoc', 
                        'M_phos', 
                        'Mp_MAPKK_assoc', 
                        'Mp_MAPKK_deassoc', 
                        'Mp_phos', 
                        'Mpp_MKP_assoc', 
                        'Mpp_MKP_deassoc', 
                        'Mpp_dephos', 
                        'Mp_MKP_assoc', 
                        'Mp_MKP_deassoc', 
                        'Mp_dephos']) 

                     
pre = [[1, 1, 0, 0, 0, 0, 0, 0, 0], 
                      [0, 0, 1, 0, 0, 0, 0, 0, 0], 
                      [0, 0, 1, 0, 0, 0, 0, 0, 0], 
                      [0, 1, 0, 1, 0, 0, 0, 0, 0], 
                      [0, 0, 0, 0, 1, 0, 0, 0, 0], 
                      [0, 0, 0, 0, 1, 0, 0, 0, 0], 
                      [0, 0, 0, 0, 0, 1, 1, 0, 0], 
                      [0, 0, 0, 0, 0, 0, 0, 1, 0], 
                      [0, 0, 0, 0, 0, 0, 0, 1, 0], 
                      [0, 0, 0, 1, 0, 0, 1, 0, 0], 
                      [0, 0, 0, 0, 0, 0, 0, 0, 1], 
                      [0, 0, 0, 0, 0, 0, 0, 0, 1]]

                    
post = [[0, 0, 1, 0, 0, 0, 0, 0, 0], 
                       [1, 1, 0, 0, 0, 0, 0, 0, 0], 
                       [0, 1, 0, 1, 0, 0, 0, 0, 0], 
                       [0, 0, 0, 0, 1, 0, 0, 0, 0], 
                       [0, 1, 0, 1, 0, 0, 0, 0, 0], 
                       [0, 1, 0, 0, 0, 1, 0, 0, 0], 
                       [0, 0, 0, 0, 0, 0, 0, 1, 0], 
                       [0, 0, 0, 0, 0, 1, 1, 0, 0], 
                       [0, 0, 0, 1, 0, 0, 1, 0, 0], 
                       [0, 0, 0, 0, 0, 0, 0, 0, 1], 
                       [0, 0, 0, 1, 0, 0, 1, 0, 0], 
                       [1, 0, 0, 0, 0, 0, 1, 0, 0]] 

r = [0.05, 0.5, 5, 0.05, 0.5, 10, 0.05, 0.5, 5, 0.05, 0.5, 10]

m = [1000, 500, 0, 0, 0, 188, 1000, 0, 0]
