places=   
	  [
	  gA, 
  	 'pA',
 	 'gA_off', 
	 'gB', 
	 pB', 
	 gB_off, 
	 'gC, 
	 'pC', 
	 'gC_off'
	 ]

t = [gA_expression, pA_degradation, 'pA_inhib_gB', 'gB_reactivate',
               'gB_expression', 'pB_degradation', 'pB_inhib_gC', 'gC_reactivate',
               'gC_expression', 'pC_degradation', 'pC_inhib_gA', 'gA_reactivate']

# pre, pre arcs, pre_arcs, pre arc or pre_arc
pre arcs=
 [[1, 0, 0, 0, 0, 0, 0, 0, 0],
            [0, 1, 0, 0, 0, 0, 0, 0, 0],
            [0, 1, 0, 1, 0, 0, 0, 0, 0],
            [0, 0, 0, 0, 0, 1, 0, 0, 0],
            [0, 0, 0, 1, 0, 0, 0, 0, 0],
            [0, 0, 0, 0, 1, 0, 0, 0, 0],
            [0, 0, 0, 0, 1, 0, 1, 0, 0],
            [0, 0, 0, 0, 0, 0, 0, 0, 1],
            [0, 0, 0, 0, 0, 0, 1, 0, 0],
            [0, 0, 0, 0, 0, 0, 0, 1, 0],
            [1, 0, 0, 0, 0, 0, 0, 1, 0],
            [0, 0, 1, 0, 0, 0, 0, 0, 0]], dtype=int)

# post, post arcs, post_arcs, post arc or post_arc
post_arcs = 
[[1, 1, 0, 0, 0, 0, 0, 0, 0],
            [0, 0, 0, 0, 0, 0, 0, 0, 0],
            [0, 0, 0, 0, 0, 1, 0, 0, 0],
            [0, 0, 0, 1, 0, 0, 0, 0, 0],
            [0, 0, 0, 1, 1, 0, 0, 0, 0],
            [0, 0, 0, 0, 0, 0, 0, 0, 0],
            [0, 0, 0, 0, 0, 0, 0, 0, 1],
            [0, 0, 0, 0, 0, 0, 1, 0, 0],
            [0, 0, 0, 0, 0, 0, 1, 1, 0],
            [0, 0, 0, 0, 0, 0, 0, 0, 0],
            [0, 0, 1, 0, 0, 0, 0, 0, 0],
            [1, 0, 0, 0, 0, 0, 0, 0, 0]], dtype=int)

# r, rate or rates
rates = [0.1, 0.001, 1, 0.0001, 0.1, 0.001, 1, 0.0001, 0.1, 0.001, 1, 0.0001], dtype=float)

# m, marking or markings 
marking = [1, 0, 0, 1, 0, 0, 1, 0, 0], dtype=int)
 
inhib = [[0, 0, 0, 0, 0, 0, 0, 0, 0],
            [0, 0, 0, 0, 0, 0, 0, 0, 0],
            [0, 0, 0, 0, 0, 0, 0, 0, 0],
            [0, 0, 0, 0, 0, 0, 0, 0, 0],
            [0, 0, 0, 0, 0, 0, 0, 0, 0],
            [0, 0, 0, 0, 0, 0, 0, 0, 0],
            [0, 0, 0, 0, 0, 0, 0, 0, 0],
            [0, 0, 0, 0, 0, 0, 0, 0, 0],
            [0, 0, 0, 0, 0, 0, 0, 0, 0],
            [0, 0, 0, 0, 0, 0, 0, 0, 0],
            [0, 0, 0, 0, 0, 0, 0, 0, 0],
            [0, 0, 0, 0, 0, 0, 0, 0, 0]] 

test= [[0, 0, 0, 0, 0, 0, 0, 0, 0],
            [0, 0, 0, 0, 0, 0, 0, 0, 0],
            [0, 0, 0, 0, 0, 0, 0, 0, 0],
            [0, 0, 0, 0, 0, 0, 0, 0, 0],
            [0, 0, 0, 0, 0, 0, 0, 0, 0],
            [0, 0, 0, 0, 0, 0, 0, 0, 0],
            [0, 0, 0, 0, 0, 0, 0, 0, 0],
            [0, 0, 0, 0, 0, 0, 0, 0, 0],
            [0, 0, 0, 0, 0, 0, 0, 0, 0],
            [0, 0, 0, 0, 0, 0, 0, 0, 0],
            [0, 0, 0, 0, 0, 0, 0, 0, 0],
            [0, 0, 0, 0, 0, 0, 0, 0, 0]]
